DL
N=26
FORMAT = FULLMATRIX DIAGONAL PRESENT
ROW LABELS:
"1"
"3"
"4"
"26"
"2"
"25"
"6"
"8"
"24"
"9"
"5"
"23"
"10"
"7"
"12"
"17"
"18"
"13"
"14"
"21"
"19"
"15"
"11"
"20"
"16"
"22"
COLUMN LABELS:
"1"
"3"
"4"
"26"
"2"
"25"
"6"
"8"
"24"
"9"
"5"
"23"
"10"
"7"
"12"
"17"
"18"
"13"
"14"
"21"
"19"
"15"
"11"
"20"
"16"
"22"
DATA:
  0  8  5  0  2  0  6 11  0  3 21  0  5  7  1  3  5  2  3  4  2  1  0  7  0  0
  0  0  4  0  0  0  4  4  0  8 12  0 12  3  2  2  7  5  1  3  4  0  0  5  1  0
  1  1  0  0  3  0  1  4  0  4  8  0 10  1  0  1  4  6  0  2  2  3  1  4  0  3
  0  0  0  0  7  1  0  0  0  0  0  2  3  0  0  0  0  0  0  1  1  0  0  0  0  0
  1  2  3  1  0  0  1  3  0  0  3  0  3  2  2  1  3  2  4  1  1  1  0  2  0  0
  2  0  0  0  0  0  0  0  8 12  0  1  7  0  0  0  0  0  8  3  3  2  0  0  0  0
  1  0  0  0  0  0  0  5  0  2  6  0  5  1  2  1  1  3  1  0  1  1  0  4  0  0
  2  0  1  0  1  0  0  0  5 11  3  6  6  0  0  4  2  2  1  0  6  0  1  7  1  1
  0  0  1  0  0  0  0  2  0  2  0  1  2  0  0  1  0  1  3  3  2  2  0  1  0  0
  4  0  1  0  0  1  2  3  1  0  0  2  9  1  0  4  0  0  2  4  4  3  0  3  2  0
  1  2  0  0  1  0  6  4  0  0  0  0 17  3  0  6  5  8  0  2  5  2  1  4  0  1
  2  0  0  0  1  3  0  1  0  2  0  0  1  0  0  1  0  5  3  3  1  0  0  1  0  0
  1  1  0  0  0  0  1  2  1  2  1  0  0  6  0  3  4  4  7  6  4  5  0  7  2  0
  3  2  0  0  0  0  0  1  0  0  2  0  0  0  3  1  2  2  3  1  1  1  0  4  1  1
  0  0  1  0  0  0  2  0  0  0  0  0  3  0  0  0  1  2  0  2  0  0  0  4  0  0
  1  0  0  0  0  0  0  2  0  2  2  0  1  1  0  0  8  2  2  2  3  0  0  1  0  0
  1  0  1  0  0  0  1  5  0  6  3  0  1  1  0  1  0  1  1  1  1  1  0  1  0  0
  1  0  0  0  0  0  2  0  0  1  2  0  2  1  2  1  1  0  3  1  3  1  1 12  1  1
  1  0  1  0  0  0  0  0  0  0  0  2  1  0  1  4  0  0  0  7  3  0  0  0  1  0
  0  0  0  0  0  7  0  0  1  0  0  0  2  1  0  0  0  0  1  0  5  2  1  0  1  0
  0  0  2  0  0  0  0  0  0  2  1  0  1  4  0  1  0  1  1  3  0  5  1  3  0  0
  0  0  0  0  0  0  0  0  0  0  0  0  1  0  0  0  1  1  0  2  0  0  0  9  2  0
  0  2  0  0  1  0  0  0  0  0  1  0  0  0  0  0  0  4  0  0  0  0  0  0  1  9
  0  0  0  0  0  0  1  0  0  0  1  0  0  2  3  3  0  1  2  2  1  1  0  0  0  0
  0  1  0  0  0  0  2  1  0  0  1  0  1  0  0  0  1  0  0  0  0  0  0  0  0  0
  0  0  0  0  0  0  0  0  0  0  0  0  1  0  0  0  0  0  0  0  0  0  0  0  0  0
