
   Summary motif results
   =====================
mfinder Version 1.20

MOTIF FINDER RESULTS:

	Network name: ../../repos/netmotifs/edgelists/bison_el.dat
	Network type: Directed
	Num of Nodes: 25 Num of Edges: 314
	Num of Nodes with edges: 25
	Maximal out degree (out-hub) : 18
	Maximal in degree (in-hub) : 22
	Roots num: 0 Leaves num: 0
	Single Edges num: 122 Mutual Edges num: 80

	Motif size searched  4
	Total number of 4-node subgraphs : 12088
	Number of random networks generated : 1000
	Random networks generation method: Switches
	Num of Switches range: 100.0-200.0, Success switches Ratio:0.034+-0.00

The following motifs were found:

Criteria taken : Pval < 0.010
                 Mfactor > 1.10
                 Uniqueness >= 4

MOTIF	NREAL	NRAND		NREAL	NREAL	UNIQ	CREAL
ID		STATS		ZSCORE	PVAL	VAL	[MILI]	
94	224	165.8+-14.5	4.00	0.000	4	18.47

0 1 1 1 
1 0 1 0 
0 0 0 0 
0 0 0 0 

396	147	92.9+-15.0	3.61	0.000	4	12.13

0 0 1 1 
0 0 0 1 
1 0 0 0 
0 0 0 0 

990	123	74.3+-11.7	4.17	0.000	5	10.16

0 1 1 1 
1 0 1 1 
1 1 0 0 
0 0 0 0 

4764	41	17.4+-6.8	3.48	0.006	4	3.38

0 0 1 1 
1 0 0 1 
0 1 0 0 
1 0 0 0 

6620	210	163.7+-17.5	2.65	0.009	4	17.33

0 0 1 1 
1 0 1 1 
1 0 0 1 
1 0 0 0 




Full list of subgraphs size 4 ids:

	( Total num of different subgraphs size 4 is : 199 )

MOTIF	NREAL	NRAND		NREAL	NREAL	CREAL	UNIQ
ID		STATS		ZSCORE	PVAL	[MILI]	
14	46	52.9+-14.1	-0.47	0.660	3.82	2

28	74	73.4+-16.0	0.03	0.471	6.11	2

30	100	91.8+-15.9	0.53	0.284	8.27	2

74	100	95.6+-15.5	0.29	0.374	8.25	2

76	198	179.7+-22.2	0.84	0.207	16.37	4

78	124	129.4+-17.8	-0.33	0.617	10.19	4

90	63	60.1+-12.2	0.21	0.412	5.18	3

92	132	96.7+-11.3	3.15	0.000	10.91	2

94	224	165.8+-14.5	4.00	0.000	18.47	4

204	43	26.2+-8.1	2.04	0.040	3.53	2

206	82	52.3+-8.3	3.62	0.003	6.80	3

222	77	51.0+-9.8	2.67	0.008	6.37	3

280	66	79.0+-16.2	-0.80	0.788	5.45	2

282	130	160.1+-24.6	-1.23	0.901	10.73	4

286	47	80.0+-14.0	-2.39	0.995	3.85	3

328	79	57.9+-12.7	1.67	0.060	6.52	2

330	34	28.0+-8.2	0.67	0.240	2.76	2

332	121	123.2+-17.5	-0.11	0.523	10.01	4

334	33	65.4+-11.1	-2.94	1.000	2.71	2

344	60	50.9+-12.6	0.72	0.232	4.95	4

346	53	54.5+-9.6	-0.13	0.534	4.39	3

348	149	111.7+-18.9	1.97	0.029	12.30	4

350	130	123.7+-19.2	0.34	0.357	10.74	4

390	57	51.1+-12.5	0.49	0.299	4.72	3

392	143	94.5+-15.1	3.19	0.002	11.77	3

394	83	53.5+-13.2	2.21	0.019	6.83	2

396	147	92.9+-15.0	3.61	0.000	12.13	4

398	77	56.4+-12.5	1.61	0.069	6.32	3

404	67	92.1+-16.4	-1.54	0.955	5.51	4

406	62	91.0+-13.5	-2.17	0.992	5.08	3

408	89	96.4+-12.1	-0.59	0.722	7.37	3

410	138	118.0+-18.0	1.12	0.129	11.41	3

412	67	83.3+-13.7	-1.19	0.886	5.53	3

414	125	110.8+-14.3	1.01	0.147	10.33	3

454	45	49.2+-10.8	-0.39	0.655	3.71	4

456	22	31.0+-8.6	-1.10	0.875	1.77	2

458	27	21.2+-6.4	0.97	0.167	2.26	2

460	47	57.9+-12.0	-0.92	0.834	3.88	3

462	50	47.1+-8.8	0.32	0.345	4.13	2

468	53	71.9+-14.0	-1.39	0.929	4.34	2

470	103	114.3+-15.5	-0.76	0.766	8.46	3

472	47	52.4+-8.9	-0.62	0.727	3.86	3

474	62	52.0+-9.8	1.07	0.140	5.16	3

476	150	109.6+-13.9	2.95	0.004	12.42	3

478	144	121.7+-13.1	1.73	0.047	11.91	4

856	27	28.8+-9.5	-0.22	0.554	2.21	2

858	78	89.6+-14.1	-0.79	0.778	6.48	4

862	87	85.2+-13.3	0.15	0.433	7.20	4

904	11	15.0+-5.6	-0.67	0.739	0.93	1

906	57	37.0+-8.9	2.26	0.014	4.70	3

908	27	34.7+-9.3	-0.83	0.791	2.23	3

910	69	54.0+-10.1	1.51	0.073	5.72	3

922	53	36.8+-9.8	1.69	0.056	4.40	3

924	44	37.4+-7.4	0.91	0.161	3.65	3

926	116	87.1+-13.1	2.19	0.017	9.56	4

972	19	27.0+-7.3	-1.04	0.854	1.60	2

974	106	76.8+-12.3	2.38	0.015	8.76	3

990	123	74.3+-11.7	4.17	0.000	10.16	5

2184	14	62.3+-14.7	-3.28	1.000	1.16	4

2186	170	133.2+-15.5	2.35	0.011	14.01	5

2190	9	34.8+-8.2	-3.14	1.000	0.74	2

2202	128	82.1+-12.6	3.64	0.000	10.56	3

2204	55	49.3+-9.6	0.62	0.254	4.56	4

2206	60	79.9+-11.8	-1.65	0.956	4.98	3

2252	42	38.4+-8.5	0.42	0.316	3.47	3

2254	80	55.2+-10.0	2.48	0.009	6.60	3

2270	67	53.1+-9.2	1.47	0.087	5.51	2

2458	118	93.0+-12.0	2.08	0.024	9.74	2

2462	69	59.6+-11.0	0.86	0.200	5.71	4

2506	4	8.5+-3.4	-1.16	0.898	0.37	1

2510	72	61.8+-10.3	0.99	0.160	5.94	4

2524	120	61.6+-9.7	5.98	0.000	9.87	2

2526	214	134.9+-14.2	5.58	0.000	17.66	3

3038	80	47.2+-7.3	4.46	0.000	6.57	3

4370	65	128.5+-19.1	-3.32	1.000	5.36	3

4374	56	102.8+-15.5	-3.02	1.000	4.62	2

4382	8	24.3+-6.7	-2.43	0.999	0.66	2

4418	44	29.3+-8.3	1.79	0.043	3.63	3

4420	56	61.7+-12.8	-0.44	0.655	4.62	2

4422	34	57.2+-10.2	-2.28	0.994	2.81	3

4424	75	49.2+-11.5	2.23	0.020	6.19	3

4426	26	22.8+-7.8	0.41	0.314	2.15	3

4428	68	86.9+-13.2	-1.43	0.930	5.61	3

4430	30	44.8+-9.5	-1.56	0.952	2.48	2

4434	56	84.5+-13.3	-2.14	0.993	4.62	4

4436	171	196.9+-19.6	-1.32	0.909	14.11	3

4438	171	166.4+-22.0	0.21	0.407	14.11	3

4440	92	63.8+-13.5	2.09	0.028	7.59	2

4442	38	54.3+-10.1	-1.61	0.954	3.14	3

4444	75	116.9+-16.5	-2.54	0.997	6.19	4

4446	64	96.6+-14.9	-2.19	0.993	5.28	4

4546	5	5.0+-3.4	-0.01	0.454	0.41	3

4548	9	29.3+-9.2	-2.21	0.996	0.74	3

4550	12	17.0+-6.8	-0.74	0.759	0.99	1

4556	3	19.3+-6.9	-2.37	1.000	0.25	1

4558	5	13.5+-5.8	-1.46	0.965	0.41	1

4562	4	14.5+-5.4	-1.95	0.992	0.33	2

4564	38	82.8+-13.1	-3.41	0.999	3.14	4

4566	37	52.3+-11.3	-1.36	0.914	3.05	3

4572	39	58.4+-12.0	-1.61	0.956	3.22	3

4574	23	41.2+-8.8	-2.06	0.986	1.90	3

4678	49	26.6+-10.5	2.14	0.033	4.04	3

4682	59	38.1+-9.6	2.19	0.026	4.87	3

4686	36	23.4+-7.5	1.68	0.054	2.97	2

4692	37	50.5+-10.8	-1.25	0.902	3.05	3

4694	79	84.9+-14.8	-0.40	0.649	6.52	3

4698	27	27.6+-7.1	-0.08	0.525	2.23	3

4700	42	34.4+-7.7	0.98	0.158	3.47	3

4702	58	60.1+-10.0	-0.21	0.576	4.79	3

4740	3	2.5+-2.1	0.22	0.367	0.25	1

4742	19	10.5+-4.3	1.99	0.032	1.57	2

4748	13	15.8+-6.2	-0.45	0.655	1.07	3

4750	17	20.7+-6.4	-0.58	0.711	1.40	3

4758	9	9.4+-3.8	-0.10	0.527	0.74	2

4764	41	17.4+-6.8	3.48	0.006	3.38	4

4766	34	30.7+-7.2	0.46	0.324	2.81	3

4812	4	11.3+-5.2	-1.41	0.948	0.33	2

4814	30	30.1+-9.0	-0.01	0.485	2.48	3

4830	15	23.0+-7.1	-1.13	0.891	1.24	3

4946	176	156.8+-16.9	1.14	0.124	14.53	2

4950	137	113.5+-16.9	1.39	0.090	11.31	3

4952	51	33.6+-8.1	2.13	0.022	4.21	2

4954	70	84.7+-11.9	-1.24	0.904	5.78	5

4958	59	69.1+-10.7	-0.94	0.828	4.87	2

4994	17	16.5+-5.7	0.08	0.459	1.40	2

4998	21	17.8+-6.3	0.51	0.302	1.73	2

5002	15	30.2+-7.7	-1.98	0.987	1.24	2

5004	14	24.1+-7.1	-1.43	0.931	1.16	2

5006	29	32.3+-7.8	-0.42	0.644	2.39	3

5010	32	60.1+-11.8	-2.37	0.998	2.64	4

5012	15	26.1+-6.6	-1.67	0.959	1.24	2

5014	30	44.9+-9.3	-1.61	0.958	2.48	3

5016	59	54.5+-12.3	0.37	0.357	4.87	3

5018	76	87.1+-14.7	-0.75	0.770	6.27	3

5020	39	41.4+-9.1	-0.27	0.582	3.22	2

5022	48	68.2+-11.7	-1.72	0.960	3.96	3

5058	5	16.9+-6.4	-1.86	0.989	0.41	2

5062	26	24.2+-7.6	0.23	0.395	2.15	3

5064	6	14.0+-5.8	-1.37	0.943	0.50	2

5066	16	26.3+-7.2	-1.44	0.931	1.32	2

5068	7	31.3+-9.1	-2.67	1.000	0.58	2

5070	33	38.1+-8.3	-0.61	0.733	2.72	4

5074	25	59.4+-11.5	-3.00	1.000	2.06	3

5076	26	56.0+-11.3	-2.65	1.000	2.15	3

5078	47	70.1+-13.6	-1.70	0.965	3.88	3

5080	71	73.6+-13.5	-0.19	0.561	5.86	3

5082	64	82.4+-13.7	-1.34	0.918	5.28	2

5084	44	73.9+-13.1	-2.29	0.994	3.63	3

5086	98	106.0+-14.3	-0.56	0.716	8.09	3

6342	10	7.5+-3.9	0.63	0.250	0.83	2

6348	26	41.6+-9.1	-1.72	0.964	2.15	4

6350	24	21.3+-6.2	0.44	0.322	1.98	3

6356	6	5.7+-3.2	0.09	0.420	0.50	1

6358	31	17.0+-5.9	2.37	0.013	2.56	2

6364	38	60.1+-10.8	-2.05	0.978	3.14	2

6366	39	52.6+-8.6	-1.58	0.946	3.22	2

6550	6	17.1+-5.9	-1.87	0.996	0.50	2

6552	61	55.9+-11.9	0.43	0.326	5.03	4

6554	153	154.2+-16.0	-0.07	0.533	12.63	4

6558	35	64.2+-10.7	-2.74	0.999	2.89	2

6598	19	13.5+-4.9	1.12	0.136	1.57	2

6602	9	22.3+-6.5	-2.03	0.988	0.74	2

6604	51	69.4+-14.0	-1.32	0.915	4.21	2

6606	14	36.5+-8.9	-2.53	0.998	1.16	2

6614	25	34.7+-8.4	-1.16	0.887	2.06	2

6616	84	57.5+-9.9	2.68	0.004	6.93	3

6618	43	68.3+-9.9	-2.55	0.998	3.55	3

6620	210	163.7+-17.5	2.65	0.009	17.33	4

6622	122	120.1+-16.0	0.12	0.439	10.07	3

6854	12	6.9+-4.3	1.17	0.127	0.99	2

6858	43	40.4+-9.6	0.27	0.380	3.55	2

6862	12	16.7+-6.1	-0.77	0.793	0.99	3

6870	27	21.9+-7.1	0.71	0.238	2.23	2

6874	47	74.3+-12.2	-2.25	0.992	3.88	3

6876	46	47.5+-9.6	-0.15	0.550	3.80	3

6878	49	62.8+-10.5	-1.31	0.909	4.04	3

7126	24	29.3+-7.2	-0.75	0.764	1.98	3

7128	52	44.1+-10.3	0.77	0.229	4.29	3

7130	192	157.5+-17.4	1.98	0.030	15.85	3

7134	115	93.3+-11.8	1.84	0.029	9.49	3

13142	87	96.4+-16.2	-0.58	0.698	7.18	4

13146	45	47.2+-9.1	-0.24	0.597	3.71	4

13148	26	49.5+-9.6	-2.45	0.999	2.15	3

13150	87	148.7+-15.2	-4.07	1.000	7.18	2

13260	0	4.0+-2.8	-1.40	1.000	0.00	0

13262	7	33.7+-8.4	-3.17	0.999	0.58	2

13278	36	45.6+-9.1	-1.05	0.853	2.97	2

14678	22	31.8+-8.9	-1.10	0.871	1.82	2

14686	15	16.3+-5.8	-0.22	0.567	1.24	2

14790	3	5.1+-2.9	-0.73	0.788	0.25	2

14798	25	52.2+-10.9	-2.50	0.998	2.06	4

14810	20	41.2+-10.7	-1.98	0.989	1.65	2

14812	65	85.7+-11.4	-1.81	0.969	5.36	4

14814	83	126.5+-15.1	-2.89	0.998	6.85	5

15258	95	64.4+-11.6	2.65	0.008	7.84	3

15262	189	138.2+-13.9	3.65	0.000	15.60	2

15310	66	64.9+-10.8	0.10	0.458	5.45	3

15326	169	156.7+-11.8	1.04	0.150	13.95	3

31710	42	33.7+-6.7	1.24	0.125	3.47	2



 (Application total runtime was:  29.77 minutes).

 (Real network processing runtime was:    2.0 seconds.)

 (Single Random network processing runtime was:    1.8 seconds.)
