
   Summary motif results
   =====================
mfinder Version 1.20

MOTIF FINDER RESULTS:

	Network name: ../../repos/netmotifs/edgelists/cattle_el.dat
	Network type: Directed
	Num of Nodes: 27 Num of Edges: 217
	Num of Nodes with edges: 27
	Maximal out degree (out-hub) : 18
	Maximal in degree (in-hub) : 17
	Roots num: 1 Leaves num: 3
	Single Edges num: 180 Mutual Edges num: 12

	Motif size searched  4
	Total number of 4-node subgraphs : 11637
	Number of random networks generated : 1000
	Random networks generation method: Switches
	Num of Switches range: 100.0-200.0, Success switches Ratio:0.081+-0.00

The following motifs were found:

Criteria taken : Pval < 0.010
                 Mfactor > 1.10
                 Uniqueness >= 4

MOTIF	NREAL	NRAND		NREAL	NREAL	UNIQ	CREAL
ID		STATS		ZSCORE	PVAL	VAL	[MILI]	
74	676	534.0+-49.3	2.87	0.003	4	58.03

0 1 0 1 
0 0 1 0 
0 0 0 0 
0 0 0 0 

906	333	206.7+-33.5	3.77	0.001	4	28.60

0 1 0 1 
0 0 0 1 
1 1 0 0 
0 0 0 0 

2254	722	597.5+-47.7	2.61	0.005	4	62.01

0 1 1 1 
0 0 1 1 
0 0 0 1 
0 0 0 0 




Full list of subgraphs size 4 ids:

	( Total num of different subgraphs size 4 is : 199 )

MOTIF	NREAL	NRAND		NREAL	NREAL	CREAL	UNIQ
ID		STATS		ZSCORE	PVAL	[MILI]	
14	407	525.8+-55.9	-2.12	0.994	34.98	5

28	193	212.2+-28.5	-0.68	0.750	16.58	3

30	36	59.9+-15.9	-1.50	0.951	3.09	2

74	676	534.0+-49.3	2.87	0.003	58.03	4

76	709	817.5+-51.2	-2.12	0.985	60.89	4

78	1115	1103.2+-46.3	0.25	0.411	95.74	5

90	26	26.5+-10.2	-0.05	0.480	2.23	2

92	671	597.4+-43.6	1.69	0.046	57.63	3

94	84	69.2+-15.5	0.95	0.176	7.21	2

204	131	268.3+-42.2	-3.25	1.000	11.25	5

206	456	566.6+-33.6	-3.29	1.000	39.16	5

222	25	19.3+-8.4	0.68	0.242	2.15	2

280	81	114.0+-19.1	-1.73	0.971	6.96	4

282	32	42.8+-9.7	-1.12	0.869	2.75	4

286	1	5.3+-3.1	-1.37	0.959	0.09	1

328	109	115.8+-17.7	-0.38	0.633	9.36	3

330	29	84.0+-21.8	-2.52	0.999	2.49	2

332	36	44.7+-12.1	-0.72	0.769	3.09	2

334	20	35.2+-13.1	-1.16	0.891	1.72	3

344	229	211.3+-32.8	0.54	0.267	19.67	3

346	9	12.4+-5.2	-0.64	0.749	0.77	3

348	46	57.6+-13.3	-0.87	0.802	3.95	4

350	6	5.9+-3.3	0.02	0.488	0.52	2

390	32	32.2+-8.9	-0.03	0.484	2.75	2

392	172	168.1+-20.1	0.20	0.409	14.77	4

394	181	129.1+-21.5	2.41	0.018	15.55	2

396	42	44.7+-11.0	-0.25	0.591	3.61	2

398	38	38.2+-11.8	-0.02	0.470	3.26	2

404	153	140.1+-18.0	0.72	0.245	13.14	2

406	6	10.9+-5.3	-0.93	0.830	0.52	1

408	330	296.5+-26.2	1.28	0.110	28.34	3

410	26	18.5+-6.7	1.12	0.136	2.23	2

412	56	53.1+-11.4	0.25	0.409	4.81	3

414	3	6.4+-4.0	-0.85	0.817	0.26	1

454	17	36.8+-11.1	-1.78	0.980	1.46	3

456	157	152.9+-22.0	0.19	0.407	13.48	3

458	28	84.7+-20.7	-2.74	1.000	2.40	2

460	46	61.9+-15.3	-1.04	0.860	3.95	3

462	16	38.7+-14.3	-1.59	0.974	1.37	3

468	140	162.1+-24.6	-0.89	0.810	12.04	3

470	18	13.6+-5.2	0.86	0.177	1.55	2

472	387	383.5+-30.2	0.12	0.465	33.24	3

474	11	12.3+-5.0	-0.26	0.605	0.94	3

476	83	107.0+-19.5	-1.23	0.901	7.13	4

478	11	8.5+-3.9	0.63	0.282	0.94	2

856	17	12.6+-5.3	0.84	0.206	1.46	2

858	2	5.3+-3.2	-1.02	0.888	0.17	1

862	0	0.5+-1.5	-0.34	1.000	0.00	0

904	89	76.7+-17.9	0.68	0.231	7.64	2

906	333	206.7+-33.5	3.77	0.001	28.60	4

908	21	17.3+-7.2	0.51	0.303	1.80	3

910	17	28.0+-8.4	-1.32	0.925	1.46	2

922	17	8.5+-4.1	2.05	0.035	1.46	3

924	8	14.0+-5.7	-1.05	0.870	0.69	2

926	2	2.0+-1.9	-0.01	0.515	0.17	1

972	1	2.6+-2.3	-0.72	0.814	0.09	1

974	3	4.5+-2.7	-0.55	0.725	0.26	1

990	0	0.2+-0.8	-0.24	1.000	0.00	0

2184	47	66.5+-15.1	-1.29	0.915	4.04	3

2186	312	387.8+-33.9	-2.24	0.991	26.80	5

2190	223	238.9+-27.6	-0.58	0.707	19.15	4

2202	24	21.6+-8.2	0.29	0.382	2.06	2

2204	312	275.1+-30.9	1.19	0.112	26.80	4

2206	54	34.9+-10.0	1.91	0.036	4.64	1

2252	205	308.8+-32.0	-3.24	0.999	17.61	3

2254	722	597.5+-47.7	2.61	0.005	62.01	4

2270	25	24.5+-9.2	0.05	0.487	2.15	2

2458	46	43.7+-12.5	0.19	0.397	3.95	2

2462	1	3.0+-3.0	-0.68	0.788	0.09	1

2506	20	46.6+-13.4	-1.98	0.984	1.72	2

2510	21	24.1+-7.8	-0.40	0.669	1.80	2

2524	44	27.3+-9.1	1.83	0.042	3.78	3

2526	9	4.6+-3.0	1.47	0.110	0.77	2

3038	0	0.0+-0.2	-0.15	1.000	0.00	0

4370	19	31.9+-9.1	-1.42	0.927	1.63	2

4374	2	6.2+-3.2	-1.29	0.937	0.17	1

4382	0	0.2+-0.5	-0.38	1.000	0.00	0

4418	13	39.8+-11.9	-2.26	0.995	1.12	1

4420	21	23.3+-7.8	-0.29	0.591	1.80	3

4422	6	11.7+-5.0	-1.14	0.900	0.52	1

4424	33	28.4+-7.9	0.58	0.275	2.83	2

4426	2	7.6+-4.1	-1.38	0.960	0.17	2

4428	5	9.5+-4.5	-1.00	0.843	0.43	1

4430	3	2.9+-2.2	0.04	0.464	0.26	1

4434	9	16.9+-6.2	-1.29	0.923	0.77	2

4436	83	97.8+-13.3	-1.12	0.887	7.13	2

4438	7	5.3+-3.2	0.53	0.285	0.60	2

4440	49	58.8+-14.2	-0.69	0.736	4.21	3

4442	0	3.4+-2.3	-1.46	1.000	0.00	0

4444	3	16.6+-7.2	-1.89	0.988	0.26	1

4446	0	0.7+-0.8	-0.88	1.000	0.00	0

4546	1	12.9+-7.0	-1.71	0.996	0.09	1

4548	42	42.1+-13.3	-0.01	0.455	3.61	3

4550	1	8.3+-4.4	-1.67	0.999	0.09	1

4556	1	5.7+-3.3	-1.42	0.975	0.09	1

4558	0	1.3+-1.4	-0.98	1.000	0.00	0

4562	3	5.2+-3.8	-0.58	0.721	0.26	1

4564	118	135.8+-20.8	-0.85	0.794	10.13	2

4566	6	3.3+-2.2	1.22	0.125	0.52	2

4572	4	16.7+-8.1	-1.57	0.969	0.34	1

4574	1	0.4+-0.7	0.83	0.339	0.09	1

4678	21	17.8+-7.2	0.44	0.299	1.80	3

4682	14	8.9+-3.0	1.69	0.051	1.20	2

4686	2	6.0+-2.9	-1.37	0.962	0.17	2

4692	14	17.1+-6.6	-0.47	0.665	1.20	1

4694	8	4.9+-3.0	1.04	0.150	0.69	2

4698	0	0.8+-1.0	-0.80	1.000	0.00	0

4700	1	3.2+-1.9	-1.13	0.940	0.09	1

4702	1	1.1+-1.1	-0.13	0.641	0.09	1

4740	1	4.8+-3.3	-1.15	0.958	0.09	1

4742	14	25.9+-9.2	-1.29	0.912	1.20	1

4748	2	8.7+-4.2	-1.62	0.986	0.17	1

4750	10	13.0+-5.9	-0.50	0.674	0.86	2

4758	1	1.2+-1.3	-0.14	0.616	0.09	1

4764	4	8.2+-4.2	-1.01	0.876	0.34	1

4766	0	1.0+-1.1	-0.89	1.000	0.00	0

4812	1	1.8+-1.6	-0.51	0.759	0.09	1

4814	4	3.8+-2.4	0.08	0.453	0.34	1

4830	0	0.2+-0.4	-0.44	1.000	0.00	0

4946	9	7.0+-3.5	0.58	0.282	0.77	3

4950	0	0.4+-1.3	-0.33	1.000	0.00	0

4952	3	3.5+-2.2	-0.24	0.594	0.26	1

4954	1	1.1+-1.0	-0.10	0.662	0.09	1

4958	0	0.0+-0.2	-0.14	1.000	0.00	0

4994	25	61.5+-15.7	-2.33	0.994	2.15	1

4998	1	4.3+-2.9	-1.14	0.945	0.09	1

5002	23	18.2+-6.8	0.72	0.227	1.98	3

5004	1	3.2+-2.5	-0.89	0.882	0.09	1

5006	1	2.4+-2.1	-0.65	0.805	0.09	1

5010	15	20.0+-6.6	-0.75	0.771	1.29	4

5012	3	12.6+-5.5	-1.73	0.992	0.26	2

5014	0	1.4+-1.4	-0.99	1.000	0.00	0

5016	89	69.0+-14.4	1.39	0.103	7.64	2

5018	15	7.4+-4.2	1.81	0.044	1.29	2

5020	1	3.8+-2.6	-1.10	0.942	0.09	1

5022	0	0.4+-0.6	-0.61	1.000	0.00	0

5058	0	4.3+-2.8	-1.52	1.000	0.00	0

5062	0	1.2+-1.3	-0.93	1.000	0.00	0

5064	0	2.4+-1.9	-1.28	1.000	0.00	0

5066	2	1.0+-1.2	0.86	0.263	0.17	1

5068	0	0.9+-1.1	-0.80	1.000	0.00	0

5070	1	0.4+-0.6	1.04	0.293	0.09	1

5074	3	2.1+-1.7	0.53	0.340	0.26	1

5076	8	5.3+-2.9	0.92	0.204	0.69	2

5078	0	0.3+-0.8	-0.30	1.000	0.00	0

5080	8	9.3+-3.3	-0.40	0.628	0.69	2

5082	1	0.7+-1.0	0.31	0.445	0.09	1

5084	0	1.2+-1.1	-1.17	1.000	0.00	0

5086	0	0.1+-0.3	-0.22	1.000	0.00	0

6342	7	29.4+-12.9	-1.74	0.987	0.60	1

6348	26	28.5+-10.0	-0.25	0.578	2.23	2

6350	5	14.8+-9.0	-1.09	0.911	0.43	1

6356	34	45.7+-12.7	-0.92	0.819	2.92	2

6358	3	5.5+-3.1	-0.80	0.839	0.26	1

6364	43	46.4+-11.2	-0.30	0.628	3.69	3

6366	8	3.9+-2.5	1.65	0.100	0.69	2

6550	0	0.8+-1.0	-0.75	1.000	0.00	0

6552	39	50.8+-10.6	-1.12	0.870	3.35	4

6554	12	10.7+-4.9	0.26	0.371	1.03	2

6558	0	0.2+-0.5	-0.46	1.000	0.00	0

6598	1	3.1+-2.5	-0.83	0.857	0.09	1

6602	2	11.1+-4.9	-1.87	0.998	0.17	1

6604	10	7.7+-3.5	0.66	0.248	0.86	3

6606	0	1.4+-1.3	-1.11	1.000	0.00	0

6614	2	1.2+-1.2	0.71	0.296	0.17	1

6616	104	109.8+-18.4	-0.32	0.615	8.93	3

6618	8	4.8+-2.7	1.17	0.149	0.69	1

6620	32	20.9+-7.6	1.46	0.077	2.75	3

6622	1	0.3+-0.6	1.27	0.236	0.09	1

6854	0	1.6+-1.6	-0.97	1.000	0.00	0

6858	0	1.6+-1.4	-1.12	1.000	0.00	0

6862	0	0.5+-0.8	-0.65	1.000	0.00	0

6870	0	0.5+-0.8	-0.58	1.000	0.00	0

6874	0	0.9+-0.9	-0.94	1.000	0.00	0

6876	1	1.6+-1.5	-0.39	0.716	0.09	1

6878	0	0.2+-0.5	-0.46	1.000	0.00	0

7126	0	0.1+-0.4	-0.19	1.000	0.00	0

7128	7	4.5+-2.6	0.97	0.151	0.60	1

7130	5	1.2+-1.2	3.27	0.005	0.43	1

7134	0	0.0+-0.1	-0.06	1.000	0.00	0

13142	0	0.7+-2.1	-0.32	1.000	0.00	0

13146	0	0.3+-0.6	-0.50	1.000	0.00	0

13148	0	0.4+-0.6	-0.61	1.000	0.00	0

13150	0	0.0+-0.2	-0.19	1.000	0.00	0

13260	0	0.0+-0.2	-0.15	1.000	0.00	0

13262	0	0.0+-0.2	-0.20	1.000	0.00	0

13278	0	0.0+-0.0	888888	1.000	0.00	0

14678	0	1.3+-1.3	-0.98	1.000	0.00	0

14686	0	0.0+-0.2	-0.14	1.000	0.00	0

14790	0	0.0+-0.2	-0.18	1.000	0.00	0

14798	0	0.1+-0.3	-0.34	1.000	0.00	0

14810	0	0.1+-0.4	-0.26	1.000	0.00	0

14812	0	0.3+-0.6	-0.56	1.000	0.00	0

14814	0	0.0+-0.1	-0.05	1.000	0.00	0

15258	0	0.4+-1.4	-0.31	1.000	0.00	0

15262	0	0.0+-0.1	-0.13	1.000	0.00	0

15310	0	0.0+-0.1	-0.14	1.000	0.00	0

15326	0	0.0+-0.0	888888	1.000	0.00	0

31710	0	0.0+-0.0	888888	1.000	0.00	0



 (Application total runtime was:   8.78 minutes).

 (Real network processing runtime was:    0.0 seconds.)

 (Single Random network processing runtime was:    0.5 seconds.)
