
   Summary motif results
   =====================
mfinder Version 1.20

MOTIF FINDER RESULTS:

	Network name: ../../repos/netmotifs/edgelists/mac_el.dat
	Network type: Directed
	Num of Nodes: 61 Num of Edges: 1187
	Num of Nodes with edges: 61
	Maximal out degree (out-hub) : 47
	Maximal in degree (in-hub) : 41
	Roots num: 0 Leaves num: 2
	Single Edges num: 1113 Mutual Edges num: 20

	Motif size searched  4
	Total number of 4-node subgraphs : 414145
	Number of random networks generated : 1000
	Random networks generation method: Switches
	Num of Switches range: 100.0-200.0, Success switches Ratio:0.094+-0.00

The following motifs were found:

Criteria taken : Pval < 0.010
                 Mfactor > 1.10
                 Uniqueness >= 4

MOTIF	NREAL	NRAND		NREAL	NREAL	UNIQ	CREAL
ID		STATS		ZSCORE	PVAL	VAL	[MILI]	
28	8976	7722.1+-278.5	4.50	0.000	8	21.67

0 0 1 1 
1 0 0 0 
0 0 0 0 
0 0 0 0 

74	20035	16913.4+-446.4	6.99	0.000	14	48.38

0 1 0 1 
0 0 1 0 
0 0 0 0 
0 0 0 0 

92	23384	20632.3+-451.0	6.10	0.000	9	56.46

0 0 1 1 
1 0 1 0 
0 0 0 0 
0 0 0 0 

328	10066	6968.8+-211.7	14.63	0.000	7	24.31

0 0 0 1 
0 0 1 0 
1 0 0 0 
0 0 0 0 

344	16599	8691.6+-332.3	23.80	0.000	8	40.08

0 0 0 1 
1 0 1 0 
1 0 0 0 
0 0 0 0 

348	1015	392.1+-44.7	13.92	0.000	8	2.45

0 0 1 1 
1 0 1 0 
1 0 0 0 
0 0 0 0 

390	748	421.0+-40.6	8.06	0.000	4	1.81

0 1 1 0 
0 0 0 1 
1 0 0 0 
0 0 0 0 

392	15594	12688.0+-300.9	9.66	0.000	9	37.65

0 0 0 1 
0 0 0 1 
1 0 0 0 
0 0 0 0 

394	14401	8577.8+-305.0	19.09	0.000	9	34.77

0 1 0 1 
0 0 0 1 
1 0 0 0 
0 0 0 0 

468	577	345.4+-49.3	4.70	0.000	9	1.39

0 0 1 0 
1 0 1 1 
1 0 0 0 
0 0 0 0 

476	1309	818.4+-79.2	6.19	0.000	10	3.16

0 0 1 1 
1 0 1 1 
1 0 0 0 
0 0 0 0 

856	758	231.9+-32.3	16.29	0.000	7	1.83

0 0 0 1 
1 0 1 0 
1 1 0 0 
0 0 0 0 

904	8734	4617.1+-262.1	15.71	0.000	9	21.09

0 0 0 1 
0 0 0 1 
1 1 0 0 
0 0 0 0 

906	24076	10437.3+-532.4	25.62	0.000	11	58.13

0 1 0 1 
0 0 0 1 
1 1 0 0 
0 0 0 0 

910	1741	901.3+-73.4	11.44	0.000	6	4.20

0 1 1 1 
0 0 0 1 
1 1 0 0 
0 0 0 0 

922	766	237.4+-32.1	16.45	0.000	8	1.85

0 1 0 1 
1 0 0 1 
1 1 0 0 
0 0 0 0 

2254	36243	27212.2+-587.7	15.37	0.000	13	87.51

0 1 1 1 
0 0 1 1 
0 0 0 1 
0 0 0 0 

2270	2072	1263.7+-157.2	5.14	0.000	6	5.00

0 1 1 1 
1 0 1 1 
0 0 0 1 
0 0 0 0 

2524	1367	625.7+-59.3	12.50	0.000	8	3.30

0 0 1 1 
1 0 1 1 
1 0 0 1 
0 0 0 0 

4564	533	359.3+-45.9	3.78	0.000	7	1.29

0 0 1 0 
1 0 1 1 
1 0 0 0 
1 0 0 0 

4678	176	96.3+-18.1	4.41	0.000	5	0.42

0 1 1 0 
0 0 1 0 
0 1 0 0 
1 0 0 0 

5016	612	228.1+-31.1	12.34	0.000	7	1.48

0 0 0 1 
1 0 0 1 
1 1 0 0 
1 0 0 0 

6616	619	169.6+-40.0	11.23	0.000	8	1.49

0 0 0 1 
1 0 1 1 
1 0 0 1 
1 0 0 0 

7128	36	10.5+-4.3	5.98	0.000	4	0.09

0 0 0 1 
1 0 1 1 
1 1 0 1 
1 0 0 0 




Full list of subgraphs size 4 ids:

	( Total num of different subgraphs size 4 is : 199 )

MOTIF	NREAL	NRAND		NREAL	NREAL	CREAL	UNIQ
ID		STATS		ZSCORE	PVAL	[MILI]	
14	6291	11251.6+-481.1	-10.31	1.000	15.19	13

28	8976	7722.1+-278.5	4.50	0.000	21.67	8

30	556	723.4+-93.7	-1.79	0.973	1.34	6

74	20035	16913.4+-446.4	6.99	0.000	48.38	14

76	20523	30720.1+-481.4	-21.18	1.000	49.55	13

78	30541	36326.9+-443.7	-13.04	1.000	73.74	13

90	433	427.2+-49.8	0.12	0.458	1.05	8

92	23384	20632.3+-451.0	6.10	0.000	56.46	9

94	1884	1734.3+-77.4	1.93	0.028	4.55	5

204	4298	10424.5+-473.6	-12.94	1.000	10.38	13

206	17446	21101.0+-406.4	-8.99	1.000	42.12	14

222	1075	930.2+-112.3	1.29	0.092	2.60	7

280	6153	5931.3+-229.2	0.97	0.163	14.86	8

282	510	502.2+-44.4	0.17	0.418	1.23	7

286	14	19.4+-8.5	-0.63	0.732	0.03	2

328	10066	6968.8+-211.7	14.63	0.000	24.31	7

330	120	4607.7+-245.7	-18.26	1.000	0.29	3

332	405	503.6+-48.0	-2.05	0.987	0.98	8

334	129	544.5+-96.5	-4.31	1.000	0.31	6

344	16599	8691.6+-332.3	23.80	0.000	40.08	8

346	129	304.2+-34.5	-5.07	1.000	0.31	4

348	1015	392.1+-44.7	13.92	0.000	2.45	8

350	43	33.8+-9.0	1.03	0.161	0.10	3

390	748	421.0+-40.6	8.06	0.000	1.81	4

392	15594	12688.0+-300.9	9.66	0.000	37.65	9

394	14401	8577.8+-305.0	19.09	0.000	34.77	9

396	740	815.6+-62.8	-1.20	0.882	1.79	8

398	837	838.2+-112.9	-0.01	0.490	2.02	7

404	547	565.5+-58.0	-0.32	0.623	1.32	7

406	31	30.0+-11.8	0.09	0.464	0.07	2

408	14891	16128.5+-336.3	-3.68	1.000	35.96	9

410	634	611.9+-61.0	0.36	0.328	1.53	5

412	612	702.1+-58.9	-1.53	0.941	1.48	5

414	41	48.4+-19.1	-0.39	0.655	0.10	2

454	128	329.5+-42.7	-4.72	1.000	0.31	7

456	8415	9241.7+-241.5	-3.42	1.000	20.32	7

458	162	5345.8+-264.7	-19.58	1.000	0.39	4

460	402	697.5+-67.2	-4.40	1.000	0.97	8

462	183	655.7+-116.1	-4.07	1.000	0.44	7

468	577	345.4+-49.3	4.70	0.000	1.39	9

470	38	39.9+-10.3	-0.19	0.568	0.09	4

472	19408	17925.1+-350.9	4.23	0.000	46.86	7

474	164	593.9+-54.3	-7.92	1.000	0.40	3

476	1309	818.4+-79.2	6.19	0.000	3.16	10

478	77	77.3+-16.3	-0.02	0.519	0.19	4

856	758	231.9+-32.3	16.29	0.000	1.83	7

858	42	22.2+-7.5	2.64	0.007	0.10	3

862	0	0.1+-0.9	-0.12	1.000	0.00	0

904	8734	4617.1+-262.1	15.71	0.000	21.09	9

906	24076	10437.3+-532.4	25.62	0.000	58.13	11

908	630	497.3+-55.8	2.38	0.010	1.52	8

910	1741	901.3+-73.4	11.44	0.000	4.20	6

922	766	237.4+-32.1	16.45	0.000	1.85	8

924	164	376.6+-44.6	-4.76	1.000	0.40	5

926	56	36.4+-11.4	1.73	0.054	0.14	2

972	17	17.1+-8.0	-0.02	0.502	0.04	2

974	68	39.8+-10.4	2.73	0.007	0.16	2

990	0	0.2+-1.7	-0.12	1.000	0.00	0

2184	3436	5111.5+-248.9	-6.73	1.000	8.30	13

2186	19302	22695.0+-375.3	-9.04	1.000	46.61	13

2190	12997	12558.0+-320.1	1.37	0.086	31.38	14

2202	510	651.4+-67.0	-2.11	0.986	1.23	7

2204	15757	14725.5+-333.5	3.09	0.001	38.05	7

2206	1151	1293.1+-85.9	-1.66	0.951	2.78	8

2252	9430	14168.2+-366.1	-12.94	1.000	22.77	14

2254	36243	27212.2+-587.7	15.37	0.000	87.51	13

2270	2072	1263.7+-157.2	5.14	0.000	5.00	6

2458	821	1093.9+-96.8	-2.82	0.997	1.98	6

2462	24	37.2+-17.4	-0.76	0.758	0.06	2

2506	116	2678.6+-160.1	-16.01	1.000	0.28	4

2510	410	930.5+-80.9	-6.44	1.000	0.99	5

2524	1367	625.7+-59.3	12.50	0.000	3.30	8

2526	207	99.4+-24.0	4.48	0.000	0.50	3

3038	0	0.1+-0.8	-0.11	1.000	0.00	0

4370	168	239.4+-37.1	-1.92	0.979	0.41	6

4374	4	8.2+-4.1	-1.02	0.884	0.01	1

4382	0	0.2+-0.4	-0.49	1.000	0.00	0

4418	77	3600.2+-195.1	-18.06	1.000	0.19	3

4420	119	140.7+-25.3	-0.86	0.817	0.29	4

4422	52	176.8+-23.8	-5.25	1.000	0.13	5

4424	180	250.1+-33.1	-2.12	0.989	0.43	7

4426	1	152.7+-22.7	-6.67	1.000	0.00	1

4428	9	21.2+-8.8	-1.38	0.934	0.02	2

4430	3	16.0+-8.1	-1.61	0.985	0.01	1

4434	40	297.6+-34.9	-7.38	1.000	0.10	3

4436	395	354.0+-36.9	1.11	0.121	0.95	5

4438	17	13.2+-4.7	0.82	0.215	0.04	2

4440	393	334.5+-53.9	1.08	0.144	0.95	5

4442	7	9.1+-4.6	-0.45	0.686	0.02	1

4444	12	14.6+-6.3	-0.42	0.666	0.03	1

4446	1	0.9+-0.8	0.17	0.625	0.00	1

4546	3	1140.5+-116.9	-9.73	1.000	0.01	2

4548	218	195.1+-35.4	0.65	0.268	0.53	5

4550	0	108.1+-19.8	-5.45	1.000	0.00	0

4556	8	9.4+-5.3	-0.26	0.593	0.02	1

4558	0	6.6+-4.4	-1.49	1.000	0.00	0

4562	3	154.0+-43.9	-3.44	1.000	0.01	2

4564	533	359.3+-45.9	3.78	0.000	1.29	7

4566	4	12.8+-4.5	-1.93	0.990	0.01	1

4572	14	9.2+-4.8	0.99	0.176	0.03	2

4574	1	0.5+-0.7	0.75	0.413	0.00	1

4678	176	96.3+-18.1	4.41	0.000	0.42	5

4682	14	16.2+-4.2	-0.52	0.738	0.03	3

4686	13	10.1+-3.6	0.82	0.244	0.03	3

4692	44	283.0+-38.1	-6.27	1.000	0.11	4

4694	10	16.2+-5.6	-1.10	0.888	0.02	3

4698	0	0.5+-0.8	-0.64	1.000	0.00	0

4700	2	12.8+-3.7	-2.96	1.000	0.00	1

4702	2	1.2+-1.1	0.71	0.331	0.00	1

4740	11	516.7+-54.6	-9.26	1.000	0.03	2

4742	17	2288.6+-150.3	-15.12	1.000	0.04	2

4748	6	150.9+-22.0	-6.60	1.000	0.01	2

4750	17	285.7+-53.6	-5.01	1.000	0.04	2

4758	1	50.6+-12.2	-4.05	1.000	0.00	1

4764	1	109.6+-19.3	-5.62	1.000	0.00	1

4766	2	12.8+-4.9	-2.19	1.000	0.00	2

4812	0	6.0+-2.8	-2.17	1.000	0.00	0

4814	4	15.2+-4.8	-2.34	0.998	0.01	2

4830	0	0.8+-0.9	-0.93	1.000	0.00	0

4946	14	27.9+-8.4	-1.65	0.960	0.03	3

4950	0	0.1+-0.5	-0.11	1.000	0.00	0

4952	10	9.6+-3.5	0.12	0.493	0.02	4

4954	1	0.6+-0.8	0.58	0.420	0.00	1

4958	0	0.0+-0.0	-0.04	1.000	0.00	0

4994	141	4390.9+-212.6	-19.99	1.000	0.34	4

4998	5	162.2+-25.8	-6.09	1.000	0.01	1

5002	84	220.4+-30.0	-4.55	1.000	0.20	6

5004	7	12.3+-6.0	-0.88	0.815	0.02	2

5006	6	18.1+-8.7	-1.39	0.950	0.01	2

5010	67	206.8+-24.0	-5.81	1.000	0.16	6

5012	10	184.3+-28.2	-6.18	1.000	0.02	3

5014	0	6.1+-3.0	-2.01	1.000	0.00	0

5016	612	228.1+-31.1	12.34	0.000	1.48	7

5018	13	10.7+-4.0	0.58	0.300	0.03	4

5020	4	7.6+-4.0	-0.91	0.852	0.01	1

5022	1	0.6+-0.7	0.64	0.459	0.00	1

5058	6	161.5+-24.9	-6.24	1.000	0.01	2

5062	0	8.0+-3.7	-2.14	1.000	0.00	0

5064	10	5.6+-2.5	1.74	0.069	0.02	3

5066	0	8.5+-3.2	-2.66	1.000	0.00	0

5068	1	0.9+-1.1	0.13	0.505	0.00	1

5070	0	0.9+-1.0	-0.92	1.000	0.00	0

5074	3	21.5+-7.0	-2.66	1.000	0.01	2

5076	8	25.1+-7.7	-2.22	0.998	0.02	4

5078	0	0.2+-1.3	-0.12	1.000	0.00	0

5080	57	22.4+-5.4	6.37	0.000	0.14	3

5082	2	0.8+-0.9	1.24	0.203	0.00	1

5084	0	0.8+-0.9	-0.91	1.000	0.00	0

5086	0	0.0+-0.0	-0.04	1.000	0.00	0

6342	17	2445.8+-213.7	-11.36	1.000	0.04	2

6348	79	369.3+-44.2	-6.57	1.000	0.19	4

6350	32	334.8+-88.7	-3.41	1.000	0.08	5

6356	124	2715.1+-147.5	-17.57	1.000	0.30	4

6358	8	281.5+-34.0	-8.05	1.000	0.02	3

6364	228	377.4+-38.1	-3.92	1.000	0.55	8

6366	14	42.9+-11.1	-2.61	0.998	0.03	2

6550	0	4.7+-3.1	-1.52	1.000	0.00	0

6552	139	92.0+-23.5	2.00	0.031	0.34	8

6554	11	17.3+-5.5	-1.15	0.895	0.03	3

6558	0	0.6+-0.7	-0.80	1.000	0.00	0

6598	3	112.7+-23.6	-4.65	1.000	0.01	1

6602	3	115.7+-18.4	-6.14	1.000	0.01	2

6604	19	22.0+-6.8	-0.44	0.685	0.05	3

6606	5	15.5+-6.1	-1.71	0.987	0.01	2

6614	2	10.6+-3.9	-2.19	0.997	0.00	1

6616	619	169.6+-40.0	11.23	0.000	1.49	8

6618	4	14.9+-5.2	-2.10	0.997	0.01	2

6620	70	19.2+-6.1	8.39	0.000	0.17	3

6622	1	1.2+-0.9	-0.21	0.776	0.00	1

6854	0	56.6+-12.5	-4.54	1.000	0.00	0

6858	4	14.1+-4.3	-2.34	0.995	0.01	2

6862	2	8.5+-3.6	-1.81	0.989	0.00	1

6870	2	11.9+-5.0	-1.99	0.999	0.00	1

6874	0	1.5+-1.3	-1.16	1.000	0.00	0

6876	3	15.1+-4.2	-2.88	1.000	0.01	3

6878	2	1.8+-1.3	0.12	0.550	0.00	2

7126	0	0.1+-0.7	-0.11	1.000	0.00	0

7128	36	10.5+-4.3	5.98	0.000	0.09	4

7130	1	2.0+-1.5	-0.66	0.847	0.00	1

7134	0	0.0+-0.0	-0.04	1.000	0.00	0

13142	0	0.0+-0.4	-0.11	1.000	0.00	0

13146	0	0.2+-0.4	-0.42	1.000	0.00	0

13148	0	0.4+-0.7	-0.62	1.000	0.00	0

13150	0	0.0+-0.0	-0.04	1.000	0.00	0

13260	0	0.0+-0.0	-0.03	1.000	0.00	0

13262	0	0.0+-0.1	-0.15	1.000	0.00	0

13278	0	0.0+-0.0	888888	1.000	0.00	0

14678	0	4.8+-2.7	-1.81	1.000	0.00	0

14686	0	0.1+-0.3	-0.32	1.000	0.00	0

14790	0	1.4+-1.3	-1.12	1.000	0.00	0

14798	2	0.5+-0.7	1.99	0.109	0.00	1

14810	0	0.0+-0.4	-0.12	1.000	0.00	0

14812	0	0.5+-0.7	-0.65	1.000	0.00	0

14814	0	0.0+-0.0	-0.04	1.000	0.00	0

15258	0	0.0+-0.1	-0.08	1.000	0.00	0

15262	0	0.0+-0.1	-0.06	1.000	0.00	0

15310	1	0.0+-0.2	4.96	0.039	0.00	1

15326	0	0.0+-0.0	888888	1.000	0.00	0

31710	0	0.0+-0.0	888888	1.000	0.00	0



 (Application total runtime was:   4.93 hours.)

 (Real network processing runtime was:   11.0 seconds.)

 (Single Random network processing runtime was:   17.7 seconds.)
