
   Summary motif results
   =====================
mfinder Version 1.20

MOTIF FINDER RESULTS:

	Network name: ../../repos/netmotifs/edgelists/sheep_el.dat
	Network type: Directed
	Num of Nodes: 27 Num of Edges: 250
	Num of Nodes with edges: 27
	Maximal out degree (out-hub) : 18
	Maximal in degree (in-hub) : 21
	Roots num: 0 Leaves num: 1
	Single Edges num: 215 Mutual Edges num: 15

	Motif size searched  4
	Total number of 4-node subgraphs : 13566
	Number of random networks generated : 1000
	Random networks generation method: Switches
	Num of Switches range: 100.0-200.0, Success switches Ratio:0.053+-0.00

The following motifs were found:

Criteria taken : Pval < 0.010
                 Mfactor > 1.10
                 Uniqueness >= 4

MOTIF	NREAL	NRAND		NREAL	NREAL	UNIQ	CREAL
ID		STATS		ZSCORE	PVAL	VAL	[MILI]	
392	360	266.8+-32.7	2.85	0.005	4	26.53

0 0 0 1 
0 0 0 1 
1 0 0 0 
0 0 0 0 

394	414	220.0+-39.5	4.91	0.000	4	30.51

0 1 0 1 
0 0 0 1 
1 0 0 0 
0 0 0 0 

904	155	91.7+-20.4	3.11	0.004	4	11.42

0 0 0 1 
0 0 0 1 
1 1 0 0 
0 0 0 0 

906	544	268.4+-49.9	5.52	0.000	4	40.09

0 1 0 1 
0 0 0 1 
1 1 0 0 
0 0 0 0 

2254	1498	1242.3+-70.9	3.61	0.001	5	110.40

0 1 1 1 
0 0 1 1 
0 0 0 1 
0 0 0 0 




Full list of subgraphs size 4 ids:

	( Total num of different subgraphs size 4 is : 199 )

MOTIF	NREAL	NRAND		NREAL	NREAL	CREAL	UNIQ
ID		STATS		ZSCORE	PVAL	[MILI]	
14	108	164.4+-26.7	-2.11	0.984	7.96	4

28	175	151.0+-23.8	1.01	0.160	12.90	4

30	23	36.3+-10.3	-1.29	0.910	1.70	3

74	378	270.3+-31.1	3.46	0.000	27.86	3

76	540	649.3+-47.4	-2.30	0.992	39.80	4

78	610	774.4+-47.3	-3.47	1.000	44.95	5

90	29	23.6+-7.9	0.69	0.255	2.14	2

92	510	502.8+-39.9	0.18	0.432	37.58	3

94	106	112.1+-15.2	-0.40	0.675	7.81	4

204	124	250.7+-39.4	-3.21	1.000	9.14	4

206	374	616.3+-60.6	-4.00	1.000	27.56	5

222	43	61.5+-12.6	-1.47	0.938	3.17	3

280	91	116.4+-21.3	-1.19	0.903	6.71	4

282	28	36.7+-9.0	-0.97	0.847	2.06	4

286	2	5.6+-2.9	-1.22	0.942	0.15	1

328	150	120.6+-18.0	1.64	0.047	11.05	3

330	47	98.7+-15.9	-3.25	1.000	3.46	2

332	17	40.4+-10.3	-2.28	0.998	1.25	3

334	33	34.2+-9.0	-0.13	0.539	2.43	2

344	214	172.4+-30.2	1.38	0.095	15.77	3

346	29	22.1+-6.6	1.03	0.158	2.14	2

348	40	42.3+-10.8	-0.21	0.568	2.95	4

350	6	10.0+-4.0	-1.02	0.886	0.44	2

390	37	25.1+-6.9	1.71	0.056	2.73	2

392	360	266.8+-32.7	2.85	0.005	26.53	4

394	414	220.0+-39.5	4.91	0.000	30.51	4

396	70	59.1+-11.8	0.93	0.167	5.16	4

398	56	51.0+-14.2	0.35	0.342	4.13	3

404	45	58.4+-11.2	-1.19	0.897	3.32	4

406	5	9.0+-3.9	-1.03	0.886	0.37	2

408	446	386.7+-43.5	1.36	0.093	32.87	4

410	46	49.8+-13.0	-0.30	0.593	3.39	3

412	47	61.3+-12.3	-1.16	0.893	3.46	3

414	11	15.4+-6.1	-0.73	0.786	0.81	1

454	41	36.9+-10.2	0.41	0.335	3.02	2

456	156	183.3+-23.1	-1.18	0.883	11.50	4

458	85	149.8+-21.5	-3.01	0.999	6.26	2

460	35	69.8+-13.6	-2.55	1.000	2.58	2

462	47	58.5+-13.9	-0.83	0.789	3.46	3

468	59	58.6+-13.9	0.03	0.465	4.35	2

470	18	11.9+-4.3	1.44	0.109	1.33	2

472	408	408.9+-37.2	-0.02	0.510	30.07	4

474	45	40.5+-9.4	0.48	0.305	3.32	3

476	93	107.7+-20.8	-0.71	0.771	6.85	3

478	24	20.7+-5.8	0.58	0.319	1.77	3

856	20	15.3+-6.2	0.75	0.205	1.47	3

858	5	6.3+-3.2	-0.42	0.696	0.37	2

862	2	0.9+-1.4	0.79	0.267	0.15	1

904	155	91.7+-20.4	3.11	0.004	11.42	4

906	544	268.4+-49.9	5.52	0.000	40.09	4

908	34	32.7+-10.1	0.13	0.436	2.51	2

910	59	59.3+-12.9	-0.02	0.488	4.35	3

922	57	23.4+-8.0	4.21	0.000	4.20	3

924	40	36.8+-9.6	0.33	0.367	2.95	2

926	16	11.8+-4.8	0.88	0.204	1.18	3

972	4	5.6+-3.1	-0.50	0.711	0.29	2

974	3	11.1+-4.3	-1.88	0.993	0.22	2

990	5	1.3+-2.1	1.78	0.088	0.37	1

2184	106	195.4+-32.8	-2.73	1.000	7.81	4

2186	760	874.4+-56.9	-2.01	0.978	56.01	5

2190	490	466.4+-34.7	0.68	0.241	36.11	6

2202	97	81.5+-14.7	1.05	0.161	7.15	4

2204	582	610.0+-41.7	-0.67	0.741	42.89	4

2206	135	133.7+-18.4	0.07	0.457	9.95	3

2252	401	525.3+-43.3	-2.87	0.999	29.55	5

2254	1498	1242.3+-70.9	3.61	0.001	110.40	5

2270	162	125.0+-19.9	1.86	0.040	11.94	4

2458	131	152.2+-22.6	-0.94	0.824	9.65	3

2462	21	19.7+-7.9	0.16	0.420	1.55	2

2506	73	147.8+-21.1	-3.54	1.000	5.38	3

2510	139	130.2+-19.0	0.46	0.316	10.24	4

2524	161	116.4+-18.5	2.41	0.008	11.87	3

2526	49	44.4+-8.8	0.52	0.318	3.61	2

3038	2	1.0+-1.6	0.66	0.280	0.15	1

4370	7	27.2+-8.6	-2.36	0.999	0.52	2

4374	2	4.7+-2.7	-1.03	0.912	0.15	1

4382	0	0.4+-0.7	-0.57	1.000	0.00	0

4418	20	73.3+-16.2	-3.30	1.000	1.47	3

4420	15	20.0+-7.3	-0.69	0.762	1.11	3

4422	7	18.8+-5.9	-1.99	0.996	0.52	3

4424	39	24.9+-7.0	2.01	0.036	2.87	3

4426	3	11.8+-4.6	-1.92	0.996	0.22	1

4428	2	7.7+-3.7	-1.54	0.980	0.15	1

4430	1	5.2+-2.8	-1.47	0.982	0.07	1

4434	6	28.7+-9.4	-2.42	0.998	0.44	3

4436	69	73.2+-13.7	-0.31	0.590	5.09	3

4438	5	8.3+-3.6	-0.92	0.865	0.37	1

4440	29	41.4+-11.7	-1.05	0.848	2.14	3

4442	2	5.5+-3.0	-1.17	0.919	0.15	1

4444	3	11.7+-5.0	-1.73	0.984	0.22	1

4446	1	2.2+-1.5	-0.82	0.872	0.07	1

4546	5	26.7+-9.3	-2.34	0.999	0.37	2

4548	25	29.3+-9.3	-0.46	0.673	1.84	2

4550	9	14.8+-5.3	-1.10	0.893	0.66	2

4556	2	4.4+-2.7	-0.88	0.864	0.15	1

4558	3	3.1+-2.2	-0.05	0.556	0.22	1

4562	5	9.8+-4.9	-0.99	0.866	0.37	2

4564	85	78.7+-13.8	0.46	0.296	6.26	3

4566	11	7.1+-3.3	1.19	0.153	0.81	1

4572	3	9.4+-4.7	-1.34	0.949	0.22	1

4574	1	1.2+-1.1	-0.22	0.711	0.07	1

4678	47	18.5+-7.0	4.05	0.001	3.46	3

4682	10	4.8+-2.4	2.20	0.036	0.74	1

4686	4	4.1+-2.5	-0.06	0.546	0.29	1

4692	20	27.9+-8.7	-0.91	0.822	1.47	2

4694	10	6.1+-3.2	1.23	0.142	0.74	1

4698	0	0.8+-0.9	-0.83	1.000	0.00	0

4700	5	3.8+-2.1	0.56	0.330	0.37	1

4702	4	1.5+-1.3	1.98	0.072	0.29	1

4740	1	9.1+-4.4	-1.85	0.998	0.07	1

4742	15	53.7+-12.3	-3.15	1.000	1.11	3

4748	4	13.2+-4.8	-1.90	0.987	0.29	2

4750	12	20.3+-6.6	-1.26	0.919	0.88	2

4758	2	4.8+-2.9	-0.98	0.898	0.15	1

4764	5	14.8+-5.5	-1.79	0.988	0.37	2

4766	4	4.3+-2.3	-0.14	0.631	0.29	1

4812	2	2.1+-1.7	-0.08	0.573	0.15	1

4814	1	4.1+-2.4	-1.29	0.963	0.07	1

4830	0	0.9+-1.0	-0.93	1.000	0.00	0

4946	7	8.1+-3.5	-0.30	0.627	0.52	1

4950	2	0.9+-1.4	0.79	0.260	0.15	1

4952	0	3.5+-2.1	-1.66	1.000	0.00	0

4954	1	1.5+-1.3	-0.40	0.759	0.07	1

4958	0	0.2+-0.5	-0.42	1.000	0.00	0

4994	21	91.6+-18.3	-3.85	1.000	1.55	2

4998	5	12.7+-5.2	-1.48	0.961	0.37	2

5002	16	26.4+-7.3	-1.43	0.943	1.18	2

5004	1	4.2+-2.4	-1.33	0.966	0.07	1

5006	3	6.2+-3.2	-0.98	0.888	0.22	2

5010	12	25.9+-7.2	-1.92	0.982	0.88	2

5012	9	24.4+-8.6	-1.81	0.993	0.66	2

5014	1	4.1+-2.4	-1.29	0.966	0.07	1

5016	88	56.7+-11.8	2.64	0.012	6.49	3

5018	18	8.8+-3.3	2.77	0.006	1.33	2

5020	7	7.5+-3.6	-0.15	0.564	0.52	2

5022	0	1.5+-1.2	-1.23	1.000	0.00	0

5058	7	12.8+-5.2	-1.11	0.907	0.52	2

5062	1	2.4+-1.8	-0.79	0.874	0.07	1

5064	4	2.4+-1.8	0.92	0.226	0.29	1

5066	4	2.5+-1.8	0.86	0.260	0.29	2

5068	0	1.2+-1.4	-0.86	1.000	0.00	0

5070	1	0.9+-1.0	0.06	0.570	0.07	1

5074	7	5.4+-2.7	0.58	0.328	0.52	2

5076	1	6.6+-3.2	-1.73	0.996	0.07	1

5078	1	0.9+-1.6	0.05	0.345	0.07	1

5080	15	11.3+-3.9	0.96	0.189	1.11	2

5082	1	1.9+-1.4	-0.64	0.845	0.07	1

5084	2	2.1+-1.6	-0.08	0.600	0.15	1

5086	0	0.2+-0.5	-0.44	1.000	0.00	0

6342	13	70.7+-19.8	-2.91	1.000	0.96	2

6348	15	41.5+-12.9	-2.05	0.999	1.11	2

6350	16	30.8+-11.9	-1.24	0.924	1.18	2

6356	24	57.7+-14.8	-2.28	0.997	1.77	2

6358	8	20.4+-6.6	-1.88	0.988	0.59	1

6364	53	54.6+-11.7	-0.14	0.571	3.91	3

6366	7	9.3+-3.5	-0.64	0.776	0.52	2

6550	1	2.9+-2.1	-0.88	0.893	0.07	1

6552	32	31.8+-11.6	0.02	0.480	2.36	3

6554	12	11.8+-4.1	0.05	0.502	0.88	2

6558	0	1.0+-0.9	-1.03	1.000	0.00	0

6598	11	13.8+-5.6	-0.50	0.683	0.81	2

6602	5	22.9+-6.6	-2.72	1.000	0.37	2

6604	5	8.0+-3.8	-0.79	0.830	0.37	1

6606	4	6.0+-3.0	-0.66	0.789	0.29	2

6614	4	6.2+-3.0	-0.71	0.810	0.29	2

6616	122	77.6+-24.1	1.84	0.029	8.99	3

6618	10	11.0+-3.8	-0.26	0.633	0.74	2

6620	36	16.9+-5.8	3.27	0.000	2.65	2

6622	6	2.0+-1.4	2.92	0.019	0.44	1

6854	1	6.8+-3.8	-1.54	0.983	0.07	1

6858	1	4.9+-2.5	-1.53	0.986	0.07	1

6862	0	2.1+-1.7	-1.22	1.000	0.00	0

6870	3	4.2+-2.4	-0.49	0.740	0.22	2

6874	2	2.0+-1.6	0.01	0.559	0.15	1

6876	2	4.6+-2.4	-1.07	0.910	0.15	1

6878	0	1.6+-1.3	-1.26	1.000	0.00	0

7126	0	0.5+-1.1	-0.49	1.000	0.00	0

7128	9	7.3+-3.8	0.44	0.332	0.66	2

7130	4	3.9+-2.2	0.03	0.553	0.29	1

7134	1	0.1+-0.3	3.01	0.070	0.07	1

13142	3	1.3+-2.0	0.84	0.250	0.22	1

13146	0	0.9+-1.0	-0.88	1.000	0.00	0

13148	2	1.1+-1.1	0.78	0.310	0.15	1

13150	0	0.4+-0.8	-0.55	1.000	0.00	0

13260	0	0.0+-0.2	-0.17	1.000	0.00	0

13262	0	0.2+-0.4	-0.48	1.000	0.00	0

13278	0	0.0+-0.1	-0.13	1.000	0.00	0

14678	2	4.4+-2.4	-0.99	0.893	0.15	1

14686	0	0.2+-0.5	-0.46	1.000	0.00	0

14790	1	0.3+-0.6	1.08	0.258	0.07	1

14798	1	1.0+-1.1	-0.01	0.634	0.07	1

14810	2	0.8+-1.3	0.97	0.227	0.15	1

14812	0	1.7+-1.3	-1.27	1.000	0.00	0

14814	1	0.2+-0.5	1.71	0.175	0.07	1

15258	2	0.8+-1.4	0.87	0.249	0.15	1

15262	0	0.3+-0.6	-0.45	1.000	0.00	0

15310	0	0.3+-0.5	-0.62	1.000	0.00	0

15326	0	0.0+-0.1	-0.11	1.000	0.00	0

31710	0	0.0+-0.0	888888	1.000	0.00	0



 (Application total runtime was:  11.88 minutes).

 (Real network processing runtime was:    1.0 seconds.)

 (Single Random network processing runtime was:    0.7 seconds.)
